539,86.5;
539,87.2;
539,86.8;
554,86.7;
554,86.4;
558,75.8;
554,93.0;
554,93.3;
554,85.3;
554,91.1;
439,93.7;
546,99.1;
428,97.5;
553,96.1;
529,95.4;
531,100.5;
531,96.9;
533,100.6;
532,93.8;
537,95.6;
448,93.0;
529,93.6;
529,94.3;
530,99.0;
532,99.4;
532,94.3;
413,91.2;
580,87.3;
422,94.5;
489,95.7;
385,93.4;
386,94.5;
385,96.2;
386,92.7;
416,95.1;
516,92.8;
433,94.7;
422,92.2;
386,92.7;
458,93.7;
487,95.4;
498,96.8;
532,99.5;
531,97.4;
557,89.7;
426,88.9;
459,94.4;
492,95.1;
525,93.8;
530,96.9;
541,91.6;
383,91.8;
532,96.1;
555,94.2;
531,94.0;
556,94.9;
494,96.0;
532,94.2;
459,96.6;
531,97.9;
547,94.3;
406,92.1;
486,91.5;
397,92.1;
499,91.8;
400,94.9;
495,94.0;
521,98.8;
452,91.8;
490,89.8;
472,92.2;
522,90.4;
340,93.3;
292,96.9;
428,84.7;
391,93.6;
393,92.6;
415,90.9;
460,90.1;
533,91.8;
387,90.0;
474,95.2;
534,93.2;
392,91.0;
489,92.2;
533,93.3;
565,92.5;
484,91.7;
498,91.5;
426,96.7;
423,92.2;
405,94.3;
423,97.7;
388,87.0;
532,93.4;
452,91.7;
394,92.8;
499,93.5;
532,91.0;
495,96.5;