174,97.1;
162,80.4;
147,80.5;
142,80.9;
170,80.0;
152,79.3;
137,79.5;
144,79.6;
127,80.7;
148,80.9;
142,83.0;
149,82.2;
161,80.5;
143,80.2;
166,83.2;
147,82.9;
143,82.5;
147,81.2;
179,81.2;
163,80.0;
168,80.9;
180,80.5;
188,80.3;
181,79.9;
162,81.5;
176,80.8;
186,81.0;
115,82.1;
165,80.6;
188,81.0;
158,82.2;
173,81.2;
190,79.6;
183,80.5;
192,80.4;
163,80.7;
181,80.2;
178,80.8;
180,80.3;
171,81.0;
179,79.5;
177,79.2;
167,79.5;
177,80.6;
182,81.1;
169,79.8;
179,80.9;
164,80.5;
151,80.5;
155,78.2;
162,79.2;
163,81.1;
174,80.5;
176,79.5;
185,79.6;
168,79.9;
152,77.9;
195,76.8;
131,77.4;
139,77.0;
151,78.8;
164,77.6;
108,81.4;
109,83.2;
123,81.9;
126,79.0;
108,78.7;
152,79.0;
111,81.7;
151,77.1;
113,80.1;
107,81.6;
115,81.3;
114,78.9;
133,80.2;
159,78.4;
187,78.9;
160,78.6;
299,80.6;
128,80.6;
116,82.4;
123,78.1;
157,78.3;
111,83.1;
142,82.4;
116,82.2;
136,81.2;
165,81.6;
122,79.6;
134,78.6;
116,78.1;
130,83.2;
133,80.3;
167,79.4;
156,80.0;
112,81.1;
151,80.9;
178,80.0;
150,79.9;
165,81.7;