398,84.7;
398,84.5;
402,86.1;
398,85.9;
367,86.4;
359,86.8;
363,87.1;
390,85.6;
406,84.6;
324,80.3;
362,83.2;
395,86.2;
402,88.6;
401,89.1;
404,88.7;
392,87.0;
402,87.6;
395,87.9;
398,88.5;
392,88.1;
386,87.2;
391,86.9;
391,86.6;
372,84.4;
380,86.6;
354,80.0;
395,85.7;
367,87.0;
372,86.4;
368,85.2;
360,84.9;
348,81.4;
400,84.3;
389,86.1;
360,86.8;
391,86.8;
381,87.4;
374,86.4;
368,85.8;
386,87.3;
399,83.9;
400,87.2;
389,87.9;
393,87.8;
394,89.0;
406,86.9;
383,86.8;
394,87.2;
395,85.6;
399,86.3;
390,83.9;
398,84.5;
374,84.4;
390,87.5;
384,88.0;
366,85.8;
383,85.1;
399,87.4;
379,86.7;
375,86.8;
397,86.5;
400,87.1;
389,85.6;
398,86.6;
394,85.5;
368,86.6;
342,84.7;
337,82.8;
299,83.7;
353,84.1;
361,86.4;
343,88.5;
343,89.9;
367,88.9;
369,91.8;
364,89.3;
308,85.5;
400,85.8;
414,89.6;
378,85.4;
400,87.7;
375,84.7;
396,86.6;
392,87.5;
393,88.0;
397,87.6;
406,84.8;
385,88.6;
382,85.6;
400,87.7;
389,88.8;
388,84.7;
402,84.9;
402,87.4;
391,85.7;
400,87.5;
366,88.0;
369,89.6;
368,88.7;
369,88.8;