160,90.0;
164,89.9;
167,89.8;
164,88.6;
164,89.4;
164,89.6;
164,91.2;
167,91.1;
164,89.3;
164,89.3;
127,87.2;
174,89.0;
177,86.2;
171,89.9;
174,88.6;
168,85.2;
174,86.8;
164,88.7;
170,86.3;
167,88.7;
177,88.3;
159,87.4;
168,87.8;
175,87.7;
171,89.7;
163,88.6;
166,88.5;
167,88.6;
173,87.0;
173,87.1;
167,88.6;
168,86.3;
168,86.5;
174,85.7;
169,86.8;
170,88.1;
171,90.5;
167,88.7;
181,88.7;
179,86.5;
154,84.4;
147,86.1;
139,85.4;
148,85.8;
134,86.5;
134,85.6;
148,87.3;
155,86.1;
142,81.5;
174,89.2;
176,90.1;
175,89.8;
183,90.4;
178,89.8;
174,87.3;
176,91.1;
173,90.2;
173,91.0;
164,90.0;
180,91.8;
161,90.0;
168,88.8;
162,88.1;
165,89.0;
175,89.0;
173,90.0;
167,90.7;
168,89.1;
161,87.5;
159,88.2;
169,88.8;
166,87.6;
166,89.3;
168,89.4;
175,89.6;
162,89.8;
171,88.2;
173,90.6;
175,91.0;
170,90.2;
175,90.8;
176,90.9;
182,91.0;
169,90.6;
176,90.1;
177,89.3;
178,92.4;
174,92.2;
170,92.6;
148,88.9;
109,86.5;
108,86.4;
165,82.3;
179,86.8;
176,93.7;
177,89.0;
169,91.4;
168,92.6;
169,92.1;
168,92.2;